<?xml version="1.0" encoding="UTF-8" standalone="no" ?>
<SimscapeMultibodyImportXML version="2.0" xmlns="urn:mathworks:SimscapeMultibody:import" xmlns:xsi="http://www.w3.org/2001/XMLSchema-instance">
<Created by="" on="11/16/20||10:31:18" using="Simscape Multibody Link Version 7.2" from="SolidWorks 28.4.0"/>
<ModelUnits mass="kilogram" length="millimeter"/>
<DataUnits mass="kilogram" length="meter"/>
<RootAssembly name="assembly_crust_crawler" uid="assembly_crust_crawler" version="206">
<AssemblyFile name="assembly_crust_crawler.SLDASM" type="SolidWorks Assembly"/>
<InstanceTree>
<Instance name="Assem3-1" uid="Assem3-1" entityUid="Assem3" rigid="true">
<Transform>
<Rotation>0.016376222223990891 -0.71990557564020718 -0.69387879453677814 1.2593465384593568e-14 -0.6939718556896689 0.72000212743479963 -0.9998659006815217 -0.011790914840627222 -0.011364637325960283</Rotation>
<Translation>0.13004924567084292 0.25609301198387968 0.28645792236112977</Translation>
</Transform>
<Instance name="Link-1-2" uid="Link-1-2" entityUid="Link-1*:*Default">
<Transform>
<Rotation>-1 0 0 0 -0.70710678118654735 -0.70710678118654746 0 -0.70710678118654779 0.70710678118654779</Rotation>
<Translation>0.029741158689349345 -0.039346717087975824 0.082129171657956218</Translation>
</Transform>
</Instance>
<Instance name="Servo-disc-link_MX-106T-1" uid="Servo-disc-link_MX-106T-1" entityUid="Servo-disc-link_MX-106T*:*Default">
<Transform>
<Rotation>1 0 0 0 0.70710678118654768 -0.70710678118654724 0 0.70710678118654746 0.70710678118654802</Rotation>
<Translation>0.023591158689349245 -0.010708892449920626 0.018136007960573616</Translation>
</Transform>
</Instance>
<Instance name="Servo-Disc-2" uid="Servo-Disc-2" entityUid="Servo-Disc*:*Default">
<Transform>
<Rotation>1 0 0 0 1 0 0 0 1</Rotation>
<Translation>0.055391158689349324 0.024999999999999994 0.00010478504031663505</Translation>
</Transform>
</Instance>
<Instance name="Servo-Disc-1" uid="Servo-Disc-1" grounded="true" entityUid="Servo-Disc*:*Default">
<Transform>
<Rotation>1 0 0 0 1 0 0 0 1</Rotation>
<Translation>0.0020911586893493372 0.024999999999999939 0.0001047850403166628</Translation>
</Transform>
</Instance>
<Instance name="Link-plate-1" uid="Link-plate-1" entityUid="Link-plate*:*Default">
<Transform>
<Rotation>1 -7.2248785794120579e-16 1.0671722180116306e-16 5.863365348801608e-16 0.70710678118654724 -0.70710678118654768 4.3541559247017858e-16 0.70710678118654768 0.70710678118654724</Rotation>
<Translation>0.029741158689349345 -0.094147492629933272 0.11925227767025001</Translation>
</Transform>
</Instance>
<Instance name="MX-64T-1" uid="MX-64T-1" entityUid="MX-64T*:*Default">
<Transform>
<Rotation>-1.5022705301959149e-15 4.9233620652566756e-16 1 0.70710678118654746 -0.70710678118654702 1.4137996329210978e-15 0.70710678118654746 0.70710678118654802 6.9562411386669964e-16</Rotation>
<Translation>0.029741158689346014 -0.13042207050480314 0.15552685554511994</Translation>
</Transform>
</Instance>
<Instance name="Servo-link-link_MX-64T-1" uid="Servo-link-link_MX-64T-1" entityUid="Servo-link-link_MX-64T*:*Default">
<Transform>
<Rotation>1 1.2385925618474403e-15 -4.5140757451433977e-16 1.1952244749480201e-15 -0.70710678118654791 0.70710678118654668 5.4643789493269423e-16 -0.70710678118654702 -0.70710678118654835</Rotation>
<Translation>0.034241158689349238 -0.084601551083914817 0.13091953955982802</Translation>
</Transform>
</Instance>
</Instance>
<Instance name="Assem6-1" uid="Assem6-1" entityUid="Assem6" rigid="true">
<Transform>
<Rotation>0.39625442550412721 -0.035025327072094027 -0.91747242832244669 0.049633818194656024 0.99862807674875154 -0.016686773819671499 0.91679818627646403 -0.03892545173253463 0.39744923556047274</Rotation>
<Translation>0.30488395399853463 0.22930106293967717 0.26955564491407136</Translation>
</Transform>
<Instance name="Servo-Disc-2" uid="Servo-Disc-2" entityUid="Servo-Disc*:*Default">
<Transform>
<Rotation>-0.68086879532084454 0.00023923986938997888 0.7324053702169494 0.046247267451567674 -0.9979903070967967 0.043319016541282361 0.73094382397801616 0.063366313646334271 0.67948939394465113</Rotation>
<Translation>-0.060797134615528936 0.50530698799072027 0.15401427828597397</Translation>
</Transform>
</Instance>
<Instance name="Servo-Disc-3" uid="Servo-Disc-3" entityUid="Servo-Disc*:*Default">
<Transform>
<Rotation>0.049717417112792484 -0.52817701325574085 0.84767754547580032 0.99862080682892995 0.040625770307194074 -0.033257043694293019 -0.016871947248898567 0.84816188870709819 0.52946836349383364</Rotation>
<Translation>-0.066127190048636042 0.45862522908692938 0.15802256903458189</Translation>
</Transform>
</Instance>
<Instance name="Gripper2.step-1" uid="Gripper2.step-1" grounded="true" entityUid="Gripper2.step*:*Default">
<Transform>
<Rotation>-0.72249688600669593 -0.68086879532083244 0.12006637026655649 0.12119577660937446 0.046247267451564905 0.99155069158632225 -0.68066866641757351 0.7309438239780276 0.049104915697923038</Rotation>
<Translation>0.051535333688289109 0.6458333673981419 0.05980007683306196</Translation>
</Transform>
</Instance>
<Instance name="Servo-Disc-1" uid="Servo-Disc-1" entityUid="Servo-Disc*:*Default">
<Transform>
<Rotation>0.680868795320828 0.58770642906232662 0.43705701778735095 -0.046247267451560437 0.6300501029172364 -0.77517614647720112 -0.73094382397803215 0.50758055622018072 0.4561612709728694</Rotation>
<Translation>-0.035026250712632101 0.50355652891767666 0.12634805454841189</Translation>
</Transform>
</Instance>
<Instance name="Holder-thing.step-1" uid="Holder-thing.step-1" entityUid="Holder-thing.step*:*Default">
<Transform>
<Rotation>0.7307159927044099 -0.68086879532083278 -0.049717417112787404 -0.024853056584659538 0.046247267451559784 -0.99862080682892995 0.68222904041414767 0.73094382397802771 0.016871947248895125</Rotation>
<Translation>0.027379554752038016 0.35257510393397296 0.054006850838613008</Translation>
</Transform>
</Instance>
<Instance name="Gripper1.step-1" uid="Gripper1.step-1" entityUid="Gripper1.step*:*Default">
<Transform>
<Rotation>0.73071599270440779 -0.68086879532083622 -0.049717417112767517 -0.024853056584629132 0.046247267451563108 -0.99862080682893073 0.68222904041415078 0.73094382397802415 0.016871947248918169</Rotation>
<Translation>0.027735113989042215 0.35079745679818042 0.053561263260705594</Translation>
</Transform>
</Instance>
<Instance name="MX-28T-1" uid="MX-28T-1" entityUid="MX-28T*:*Default">
<Transform>
<Rotation>0.73071599270438004 0.049717417113280885 -0.68086879532082878 -0.024853056585328999 0.99862080682891341 0.046247267451565204 0.68222904041415511 -0.016871947248442088 0.73094382397803115</Rotation>
<Translation>-0.046771237431915746 0.50435429428121714 0.13895683551203039</Translation>
</Transform>
</Instance>
<Instance name="MX-28T-2" uid="MX-28T-2" entityUid="MX-28T*:*Default">
<Transform>
<Rotation>0.73071599270439858 -0.68086879532084421 -0.049717417112795995 -0.024853056584663403 0.046247267451567813 -0.99862080682892984 0.68222904041415955 0.73094382397801649 0.016871947248897647</Rotation>
<Translation>-0.066984815493822347 0.44139902016913024 0.15831361012463011</Translation>
</Transform>
</Instance>
</Instance>
<Instance name="Assem5-1" uid="Assem5-1" entityUid="Assem5" rigid="true">
<Transform>
<Rotation>0.93663734762613038 -0.05228008190097054 -0.34637735501662792 0.049525870903065157 0.99863145928379149 -0.016804661258649004 0.34678187257003529 -0.0014147668192420909 0.9379447378666117</Rotation>
<Translation>0.24299654165166051 0.24930232219464185 0.12025547339443626</Translation>
</Transform>
<Instance name="Servo-Disc-1" uid="Servo-Disc-1" grounded="true" entityUid="Servo-Disc*:*Default">
<Transform>
<Rotation>-0.049717417112793733 -0.64839365222763656 0.75968009726893537 -0.99862080682892973 0.019422724340527525 -0.048777473771496348 0.016871947248898587 -0.76105744167579015 -0.64846503981782377</Rotation>
<Translation>-0.051418639010083478 0.40289750848196326 0.16208799298111659</Translation>
</Transform>
</Instance>
<Instance name="Servo-Disc-3" uid="Servo-Disc-3" entityUid="Servo-Disc*:*Default">
<Transform>
<Rotation>0.33139678800924899 -0.049717417112823493 0.94218063413168396 -0.00055842686089031346 -0.99862080682892818 -0.052499260259373702 0.9434913126556036 0.01687194724890825 -0.33096749136348136</Rotation>
<Translation>-0.047160510190145777 0.362442797577057 0.18062687993671567</Translation>
</Transform>
</Instance>
<Instance name="Servo-disc-link_MX-28T-1" uid="Servo-disc-link_MX-28T-1" entityUid="Servo-disc-link_MX-28T*:*Default">
<Transform>
<Rotation>0.33139678800924871 0.94218063413168573 0.049717417112793753 -0.00055842686088967823 -0.052499260259342401 0.99862080682892984 0.9434913126556036 -0.33096749136348175 -0.016871947248898466</Rotation>
<Translation>-0.063129637326486382 0.40105687612269203 0.16680977399607455</Translation>
</Transform>
</Instance>
<Instance name="Servo-Disc-2" uid="Servo-Disc-2" entityUid="Servo-Disc*:*Default">
<Transform>
<Rotation>-0.33139678800924793 0.049717417112753404 0.94218063413168818 0.00055842686088939969 0.99862080682893217 -0.052499260259299692 -0.94349131265560382 -0.016871947248884536 -0.33096749136348158</Rotation>
<Translation>-0.05970387861632187 0.36246393403373356 0.14491573375271022</Translation>
</Transform>
</Instance>
</Instance>
<Instance name="Assem2-1" uid="Assem2-1" entityUid="Assem2" rigid="true">
<Transform>
<Rotation>-0.95563629593384924 5.4515162301864665e-13 0.29454926564809558 5.2096239407948335e-13 1 -1.6058790815729942e-13 -0.29454926564809558 0 -0.95563629593384924</Rotation>
<Translation>0.12121546759331722 0.14980242841410318 0.36759676480071846</Translation>
</Transform>
<Instance name="Base-disc-1" uid="Base-disc-1" grounded="true" entityUid="Base-disc*:*Default">
<Transform>
<Rotation>1 0 0 0 1 0 0 0 1</Rotation>
<Translation>0.040555196284047412 0.032016731964861406 0.10160887104312386</Translation>
</Transform>
</Instance>
<Instance name="NewBase.step-1" uid="NewBase.step-1" entityUid="NewBase.step*:*Default">
<Transform>
<Rotation>0.96022237797528753 -0.27923643178404245 -3.3274924560083061e-14 3.4125916678732495e-14 -1.8137164015624673e-15 1 -0.27923643178404245 -0.96022237797528753 7.7876281286528798e-15</Rotation>
<Translation>0.040680096888213668 0.033450621136939668 0.10108546602913543</Translation>
</Transform>
</Instance>
<Instance name="MX-106T-1" uid="MX-106T-1" entityUid="MX-106T*:*Default">
<Transform>
<Rotation>0.96033174998801518 6.6048618163393399e-08 0.27886005444479028 -6.8776882538538323e-08 0.99999999999999767 2.0811734589325467e-14 -0.27886005444478962 -1.9179145195409246e-08 0.96033174998801762</Rotation>
<Translation>0.040507435363501432 0.089016732629481621 0.10159809747899695</Translation>
</Transform>
</Instance>
</Instance>
<Instance name="Assem1-1" uid="Assem1-1" grounded="true" entityUid="Assem1" rigid="true">
<Transform>
<Rotation>1 0 0 0 1 0 0 0 1</Rotation>
<Translation>0.10461496301178386 0.046969951860224374 0.11074998574997608</Translation>
</Transform>
<Instance name="Base-1" uid="Base-1" grounded="true" entityUid="Base*:*Default">
<Transform>
<Rotation>1 0 0 0 1 0 0 0 1</Rotation>
<Translation>0.0077733053728704926 0.11154920851873676 0.14855015060939081</Translation>
</Transform>
</Instance>
<Instance name="MX-106T-1" uid="MX-106T-1" entityUid="MX-106T*:*Default">
<Transform>
<Rotation>1 0 5.451988067355682e-13 -5.451988067355683e-13 0 1 0 -1 0</Rotation>
<Translation>0.0077733053728611806 0.10454920851874494 0.14780015060939083</Translation>
</Transform>
</Instance>
<Instance name="Assem2^Assem1-1" uid="Assem2^Assem1-1" entityUid="Assem2^Assem1" rigid="true">
<Transform>
<Rotation>1 0 0 0 1 0 0 0 1</Rotation>
<Translation>0 0 0</Translation>
</Transform>
</Instance>
</Instance>
<Instance name="Assem4-1" uid="Assem4-1" entityUid="Assem4" rigid="true">
<Transform>
<Rotation>-0.54317010341729 0.81505509276761656 0.20162200898518581 0.77192661489578196 0.57922965357773026 -0.26195860289702561 -0.33029613980364569 0.013349313457795197 -0.94378294954985065</Rotation>
<Translation>-0.24720977310317788 0.48496736553947611 0.39647439927091238</Translation>
</Transform>
<Instance name="Servo-Disc-2" uid="Servo-Disc-2" entityUid="Servo-Disc*:*Default">
<Transform>
<Rotation>0.32135677299742571 0.90207865086455241 0.28806931822578741 0 -0.30420489471087042 0.95260662502102522 0.94695819572390894 -0.30612659095272537 -0.097758303294306959</Rotation>
<Translation>-0.16356362909863637 0.27930062422774526 0.23631797161627588</Translation>
</Transform>
</Instance>
<Instance name="Servo-disc-link_MX-64T-1" uid="Servo-disc-link_MX-64T-1" entityUid="Servo-disc-link_MX-64T*:*Default">
<Transform>
<Rotation>-0.32135677299742582 -0.55408161894821295 0.76793449199290975 -8.7603535536828778e-16 0.81094867277204019 0.58511729604350826 -0.94695819572390894 0.18803140608152058 -0.26060384854856877</Rotation>
<Translation>-0.13372255523947785 0.29139822306776503 0.20559894797878353</Translation>
</Transform>
</Instance>
<Instance name="Link-plate-1" uid="Link-plate-1" grounded="true" entityUid="Link-plate*:*Default">
<Transform>
<Rotation>0.32135677299743898 0.55408161894820429 0.76793449199291042 -1.7897142101652722e-14 -0.81094867277204108 0.58511729604350704 0.94695819572390449 -0.18803140608154228 -0.26060384854856927</Rotation>
<Translation>-0.089937745972295313 0.34103049896034943 0.18704422709274782</Translation>
</Transform>
</Instance>
<Instance name="Link-2-1" uid="Link-2-1" entityUid="Link-2*:*Default">
<Transform>
<Rotation>-0.32135677299745513 -0.55408161894819208 0.7679344919929123 4.2356743112925699e-14 0.81094867277204308 0.58511729604350404 -0.94695819572389883 0.18803140608156962 -0.26060384854856944</Rotation>
<Translation>-0.10873753121719842 0.31129221113323846 0.19342406344311436</Translation>
</Transform>
</Instance>
<Instance name="MX-28T-2" uid="MX-28T-2" entityUid="MX-28T*:*Default">
<Transform>
<Rotation>0.55408161894821517 0.76793449199290975 0.32135677299742171 -0.81094867277204008 0.58511729604350826 5.9674487573602164e-15 -0.18803140608151431 -0.26060384854856827 0.94695819572391016</Rotation>
<Translation>-0.057838084206992935 0.36548840193497162 0.17615098622342157</Translation>
</Transform>
</Instance>
<Instance name="ConnectorThing.step-1" uid="ConnectorThing.step-1" entityUid="ConnectorThing.step*:*Default">
<Transform>
<Rotation>0.7679344919929102 -0.55408161894821428 0.32135677299742188 0.58511729604350737 0.81094867277204075 6.1183696997701986e-15 -0.2606038485485685 0.18803140608151392 0.94695819572391016</Rotation>
<Translation>-0.1699613778507115 0.2787011393357387 0.21420079664366259</Translation>
</Transform>
</Instance>
<Instance name="Servo-Disc-1" uid="Servo-Disc-1" entityUid="Servo-Disc*:*Default">
<Transform>
<Rotation>-0.32135677299742604 0.15121681670604639 0.93480655688434855 1.162264728904461e-16 0.98716771353325594 -0.15968689788934939 -0.94695819572390882 -0.051316466195690698 -0.31723303082829463</Rotation>
<Translation>-0.17834604065651707 0.27930062422774077 0.1927578946129731</Translation>
</Transform>
</Instance>
</Instance>
</InstanceTree>
<Constraints>
<Concentric name="Concentric2">
<ConstraintGeometry geomType="circle">
<InstancePath>
<Uid>Assem1-1</Uid>
<Uid>MX-106T-1</Uid>
</InstancePath>
<Position>0 0 0.030800000000003519</Position>
<Axis>0 0 1</Axis>
</ConstraintGeometry>
<ConstraintGeometry geomType="circle">
<InstancePath>
<Uid>Assem2-1</Uid>
<Uid>Base-disc-1</Uid>
</InstancePath>
<Position>0 0 0</Position>
<Axis>0 1 0</Axis>
</ConstraintGeometry>
</Concentric>
<Coincident name="Coincident3">
<ConstraintGeometry geomType="plane">
<InstancePath>
<Uid>Assem1-1</Uid>
<Uid>MX-106T-1</Uid>
</InstancePath>
<Position>0.0028639490833659992 0.0028639490833660131 0.030799999999999994</Position>
<Axis>0 0 1</Axis>
</ConstraintGeometry>
<ConstraintGeometry geomType="plane">
<InstancePath>
<Uid>Assem2-1</Uid>
<Uid>NewBase.step-1</Uid>
</InstancePath>
<Position>-0.00026608610362709173 -0.00046770840814114312 -0.00093388917207837263</Position>
<Axis>-3.4295160332291889e-14 1.8519084032159935e-15 -1</Axis>
</ConstraintGeometry>
</Coincident>
<Concentric name="Concentric3">
<ConstraintGeometry geomType="circle">
<InstancePath>
<Uid>Assem2-1</Uid>
<Uid>MX-106T-1</Uid>
</InstancePath>
<Position>0 0 0.030800000000003519</Position>
<Axis>0 0 1</Axis>
</ConstraintGeometry>
<ConstraintGeometry geomType="circle">
<InstancePath>
<Uid>Assem3-1</Uid>
<Uid>Servo-Disc-2</Uid>
</InstancePath>
<Position>0 0 0</Position>
<Axis>1 0 0</Axis>
</ConstraintGeometry>
</Concentric>
<Coincident name="Coincident7">
<ConstraintGeometry geomType="plane">
<InstancePath>
<Uid>Assem2-1</Uid>
<Uid>MX-106T-1</Uid>
</InstancePath>
<Position>0.0052000000000000102 0.0052000000000000379 0.027800000000000019</Position>
<Axis>0 0 1</Axis>
</ConstraintGeometry>
<ConstraintGeometry geomType="plane">
<InstancePath>
<Uid>Assem3-1</Uid>
<Uid>Servo-Disc-2</Uid>
</InstancePath>
<Position>0 0 0</Position>
<Axis>-1 0 0</Axis>
</ConstraintGeometry>
</Coincident>
<Concentric name="Concentric5">
<ConstraintGeometry geomType="circle">
<InstancePath>
<Uid>Assem3-1</Uid>
<Uid>MX-64T-1</Uid>
</InstancePath>
<Position>0 0 0.028000000000003383</Position>
<Axis>-6.3837823915946501e-16 0 1</Axis>
</ConstraintGeometry>
<ConstraintGeometry geomType="circle">
<InstancePath>
<Uid>Assem4-1</Uid>
<Uid>Servo-Disc-2</Uid>
</InstancePath>
<Position>0 0 0</Position>
<Axis>1.0000000000000002 0 0</Axis>
</ConstraintGeometry>
</Concentric>
<Concentric name="Concentric6">
<ConstraintGeometry geomType="circle">
<InstancePath>
<Uid>Assem3-1</Uid>
<Uid>MX-64T-1</Uid>
</InstancePath>
<Position>0 0 0.028000000000003383</Position>
<Axis>-6.3837823915946501e-16 0 1</Axis>
</ConstraintGeometry>
<ConstraintGeometry geomType="circle">
<InstancePath>
<Uid>Assem4-1</Uid>
<Uid>Servo-Disc-2</Uid>
</InstancePath>
<Position>0 0 0</Position>
<Axis>1.0000000000000002 0 0</Axis>
</ConstraintGeometry>
</Concentric>
<Coincident name="Coincident9">
<ConstraintGeometry geomType="plane">
<InstancePath>
<Uid>Assem3-1</Uid>
<Uid>MX-64T-1</Uid>
</InstancePath>
<Position>0.00520803626996999 0.0051999999999999824 0.025300000000000017</Position>
<Axis>0 0 1</Axis>
</ConstraintGeometry>
<ConstraintGeometry geomType="plane">
<InstancePath>
<Uid>Assem4-1</Uid>
<Uid>Servo-Disc-2</Uid>
</InstancePath>
<Position>0 0 0</Position>
<Axis>-1.0000000000000002 0 0</Axis>
</ConstraintGeometry>
</Coincident>
<Concentric name="Concentric7">
<ConstraintGeometry geomType="circle">
<InstancePath>
<Uid>Assem4-1</Uid>
<Uid>MX-28T-2</Uid>
</InstancePath>
<Position>0 0 0.022599999999999815</Position>
<Axis>0 0 1</Axis>
</ConstraintGeometry>
<ConstraintGeometry geomType="circle">
<InstancePath>
<Uid>Assem5-1</Uid>
<Uid>Servo-Disc-2</Uid>
</InstancePath>
<Position>0 0 0</Position>
<Axis>1 0 0</Axis>
</ConstraintGeometry>
</Concentric>
<Distance name="Distance2">
<ConstraintGeometry geomType="plane">
<InstancePath>
<Uid>Assem4-1</Uid>
<Uid>MX-28T-2</Uid>
</InstancePath>
<Position>-0.011648000000000019 -0.032859999999999889 0.017749999999999988</Position>
<Axis>0 0 1</Axis>
</ConstraintGeometry>
<ConstraintGeometry geomType="plane">
<InstancePath>
<Uid>Assem5-1</Uid>
<Uid>Servo-Disc-2</Uid>
</InstancePath>
<Position>0 0 0</Position>
<Axis>-1 0 0</Axis>
</ConstraintGeometry>
</Distance>
<Concentric name="Concentric8">
<ConstraintGeometry geomType="circle">
<InstancePath>
<Uid>Assem5-1</Uid>
<Uid>Servo-Disc-1</Uid>
</InstancePath>
<Position>0 0 0</Position>
<Axis>1 0 0</Axis>
</ConstraintGeometry>
<ConstraintGeometry geomType="circle">
<InstancePath>
<Uid>Assem6-1</Uid>
<Uid>MX-28T-2</Uid>
</InstancePath>
<Position>0 0 0.022599999999999842</Position>
<Axis>0 0 0.99999999999999989</Axis>
</ConstraintGeometry>
</Concentric>
<Coincident name="Coincident11">
<ConstraintGeometry geomType="plane">
<InstancePath>
<Uid>Assem5-1</Uid>
<Uid>Servo-Disc-1</Uid>
</InstancePath>
<Position>0 0 0</Position>
<Axis>-1 0 0</Axis>
</ConstraintGeometry>
<ConstraintGeometry geomType="plane">
<InstancePath>
<Uid>Assem6-1</Uid>
<Uid>MX-28T-2</Uid>
</InstancePath>
<Position>-0.011647999999999992 -0.03286 0.017750000000000044</Position>
<Axis>0 0 0.99999999999999989</Axis>
</ConstraintGeometry>
</Coincident>
</Constraints>
</RootAssembly>
<Assemblies>
<Assembly name="Assem3" uid="Assem3" version="132">
<ModelUnits mass="kilogram" length="millimeter"/>
<AssemblyFile name="Assem3.SLDASM" type="SolidWorks Assembly"/>
</Assembly>
<Assembly name="Assem6" uid="Assem6" version="113">
<ModelUnits mass="kilogram" length="millimeter"/>
<AssemblyFile name="Assem6.SLDASM" type="SolidWorks Assembly"/>
</Assembly>
<Assembly name="Assem5" uid="Assem5" version="113">
<ModelUnits mass="kilogram" length="millimeter"/>
<AssemblyFile name="Assem5.SLDASM" type="SolidWorks Assembly"/>
</Assembly>
<Assembly name="Assem2" uid="Assem2" version="149">
<ModelUnits mass="kilogram" length="millimeter"/>
<AssemblyFile name="Assem2.SLDASM" type="SolidWorks Assembly"/>
</Assembly>
<Assembly name="Assem1" uid="Assem1" version="134">
<ModelUnits mass="kilogram" length="millimeter"/>
<AssemblyFile name="Assem1.SLDASM" type="SolidWorks Assembly"/>
</Assembly>
<Assembly name="Assem2^Assem1" uid="Assem2^Assem1" version="102">
<ModelUnits mass="kilogram" length="millimeter"/>
<AssemblyFile name="Assem1.SLDASM" type="SolidWorks Assembly"/>
</Assembly>
<Assembly name="Assem4" uid="Assem4" version="199">
<ModelUnits mass="kilogram" length="millimeter"/>
<AssemblyFile name="Assem4.SLDASM" type="SolidWorks Assembly"/>
</Assembly>
</Assemblies>
<Parts>
<Part name="Base" uid="Base*:*Default" version="166">
<ModelUnits mass="kilogram" length="millimeter"/>
<PartFile name="Base.SLDPRT" type="SolidWorks Part"/>
<MassProperties>
<Mass>0.65593512237157092</Mass>
<CenterOfMass>0 -0.0052418387143947304 -0.0019384500945807711</CenterOfMass>
<Inertia>0.0020127951810780301 0.0032512643974183307 0.0020523099399021635 1.3022472320755881e-05 0 0</Inertia>
</MassProperties>
<GeometryFile name="Base_Default_sldprt.STEP" type="STEP"/>
<VisualProperties>
<Ambient r="0.89803921568627454" g="0.91764705882352937" b="0.92941176470588238" a="1"/>
<Diffuse r="0.89803921568627454" g="0.91764705882352937" b="0.92941176470588238" a="1"/>
<Specular r="0.44901960784313727" g="0.45882352941176469" b="0.46470588235294119" a="1"/>
<Emissive r="0" g="0" b="0" a="1"/>
<Shininess>0.3125</Shininess>
</VisualProperties>
</Part>
<Part name="Base-disc" uid="Base-disc*:*Default" version="145">
<ModelUnits mass="kilogram" length="millimeter"/>
<PartFile name="Base-disc.SLDPRT" type="SolidWorks Part"/>
<MassProperties>
<Mass>0.025490270815139347</Mass>
<CenterOfMass>0 0.0004999999999999999 0</CenterOfMass>
<Inertia>1.9378030830698146e-05 3.8748477390903991e-05 1.9374690925008305e-05 0 0 0</Inertia>
</MassProperties>
<GeometryFile name="Base-disc_Default_sldprt.STEP" type="STEP"/>
<VisualProperties>
<Ambient r="0.89803921568627454" g="0.91764705882352937" b="0.92941176470588238" a="1"/>
<Diffuse r="0.89803921568627454" g="0.91764705882352937" b="0.92941176470588238" a="1"/>
<Specular r="0.44901960784313727" g="0.45882352941176469" b="0.46470588235294119" a="1"/>
<Emissive r="0" g="0" b="0" a="1"/>
<Shininess>0.3125</Shininess>
</VisualProperties>
</Part>
<Part name="ConnectorThing.step" uid="ConnectorThing.step*:*Default" version="119">
<ModelUnits mass="kilogram" length="meter"/>
<PartFile name="ConnectorThing.step.SLDPRT" type="SolidWorks Part"/>
<MassProperties>
<Mass>0.0012996907144442985</Mass>
<CenterOfMass>0.10774814170120377 0.0010999999999961997 -4.0076262494051522e-15</CenterOfMass>
<Inertia>2.6834698306757418e-07 1.7716112361381161e-07 1.0320963002479174e-07 0 0 0</Inertia>
</MassProperties>
<GeometryFile name="ConnectorThing.step_Default_sldprt.STEP" type="STEP"/>
<VisualProperties>
<Ambient r="0.85490196078431369" g="0.34901960784313724" b="0.34901960784313724" a="1"/>
<Diffuse r="0.85490196078431369" g="0.34901960784313724" b="0.34901960784313724" a="1"/>
<Specular r="0.42745098039215684" g="0.17450980392156862" b="0.17450980392156862" a="1"/>
<Emissive r="0" g="0" b="0" a="1"/>
<Shininess>0.40000000596046448</Shininess>
</VisualProperties>
</Part>
<Part name="Gripper1.step" uid="Gripper1.step*:*Default" version="121">
<ModelUnits mass="kilogram" length="meter"/>
<PartFile name="Gripper1.step.SLDPRT" type="SolidWorks Part"/>
<MassProperties>
<Mass>0.0054599204509511246</Mass>
<CenterOfMass>-0.012502292553193428 0.1454316780865261 -0.14768222323062552</CenterOfMass>
<Inertia>2.1451058482776558e-06 2.156434904471247e-06 1.421587794843536e-07 2.5182024452305953e-08 2.5156179875331941e-07 -1.2055117757761553e-10</Inertia>
</MassProperties>
<GeometryFile name="Gripper1.step_Default_sldprt.STEP" type="STEP"/>
<VisualProperties>
<Ambient r="1" g="1" b="1" a="1"/>
<Diffuse r="1" g="1" b="1" a="1"/>
<Specular r="0.30000001192092896" g="0.30000001192092896" b="0.30000001192092896" a="1"/>
<Emissive r="0.29999999999999999" g="0.29999999999999999" b="0.29999999999999999" a="1"/>
<Shininess>0.5</Shininess>
</VisualProperties>
</Part>
<Part name="Gripper2.step" uid="Gripper2.step*:*Default" version="121">
<ModelUnits mass="kilogram" length="meter"/>
<PartFile name="Gripper2.step.SLDPRT" type="SolidWorks Part"/>
<MassProperties>
<Mass>0.006313963492290053</Mass>
<CenterOfMass>0.0085375989499394955 0.1457337748485131 -0.15294310673348427</CenterOfMass>
<Inertia>1.1140409921578256e-06 1.2268680886756328e-06 3.1166109684908576e-07 -2.3420023944894093e-08 6.3432559412632098e-08 -4.067349842280252e-08</Inertia>
</MassProperties>
<GeometryFile name="Gripper2.step_Default_sldprt.STEP" type="STEP"/>
<VisualProperties>
<Ambient r="1" g="1" b="1" a="1"/>
<Diffuse r="1" g="1" b="1" a="1"/>
<Specular r="0.30000001192092896" g="0.30000001192092896" b="0.30000001192092896" a="1"/>
<Emissive r="0.29999999999999999" g="0.29999999999999999" b="0.29999999999999999" a="1"/>
<Shininess>0.5</Shininess>
</VisualProperties>
</Part>
<Part name="Holder-thing.step" uid="Holder-thing.step*:*Default" version="121">
<ModelUnits mass="kilogram" length="meter"/>
<PartFile name="Holder-thing.step.SLDPRT" type="SolidWorks Part"/>
<MassProperties>
<Mass>0.023151968666042598</Mass>
<CenterOfMass>0.00013259426096208886 0.1234786694179619 -0.11190102269106518</CenterOfMass>
<Inertia>1.1929284433577384e-05 8.8143306824472594e-06 1.019611820931662e-05 -5.2535220975554243e-07 -4.5835670555590882e-08 2.1138248222498185e-08</Inertia>
</MassProperties>
<GeometryFile name="Holder-thing.step_Default_sldprt.STEP" type="STEP"/>
<VisualProperties>
<Ambient r="1" g="1" b="1" a="1"/>
<Diffuse r="1" g="1" b="1" a="1"/>
<Specular r="0.30000001192092896" g="0.30000001192092896" b="0.30000001192092896" a="1"/>
<Emissive r="0.29999999999999999" g="0.29999999999999999" b="0.29999999999999999" a="1"/>
<Shininess>0.5</Shininess>
</VisualProperties>
</Part>
<Part name="Link-1" uid="Link-1*:*Default" version="210">
<ModelUnits mass="kilogram" length="millimeter"/>
<PartFile name="Link-1.SLDPRT" type="SolidWorks Part"/>
<MassProperties>
<Mass>0.022790628547627808</Mass>
<CenterOfMass>0 0.0076331491587331331 0.00083741329602527684</CenterOfMass>
<Inertia>4.2813278852128879e-05 4.4610484991882451e-05 4.2657981347236635e-06 1.5264625291902963e-08 0 0</Inertia>
</MassProperties>
<GeometryFile name="Link-1_Default_sldprt.STEP" type="STEP"/>
<VisualProperties>
<Ambient r="0.89803921568627454" g="0.91764705882352937" b="0.92941176470588238" a="1"/>
<Diffuse r="0.89803921568627454" g="0.91764705882352937" b="0.92941176470588238" a="1"/>
<Specular r="0.44901960784313727" g="0.45882352941176469" b="0.46470588235294119" a="1"/>
<Emissive r="0" g="0" b="0" a="1"/>
<Shininess>0.3125</Shininess>
</VisualProperties>
</Part>
<Part name="Link-2" uid="Link-2*:*Default" version="245">
<ModelUnits mass="kilogram" length="millimeter"/>
<PartFile name="Link-2.SLDPRT" type="SolidWorks Part"/>
<MassProperties>
<Mass>0.01334667357233171</Mass>
<CenterOfMass>0 0.0084412399976342874 0.00019066099396353902</CenterOfMass>
<Inertia>8.092744332528728e-06 9.3033608525781911e-06 2.7965003584432782e-06 4.091624089022135e-09 0 0</Inertia>
</MassProperties>
<GeometryFile name="Link-2_Default_sldprt.STEP" type="STEP"/>
<VisualProperties>
<Ambient r="0.89803921568627454" g="0.91764705882352937" b="0.92941176470588238" a="1"/>
<Diffuse r="0.89803921568627454" g="0.91764705882352937" b="0.92941176470588238" a="1"/>
<Specular r="0.44901960784313727" g="0.45882352941176469" b="0.46470588235294119" a="1"/>
<Emissive r="0" g="0" b="0" a="1"/>
<Shininess>0.3125</Shininess>
</VisualProperties>
</Part>
<Part name="Link-plate" uid="Link-plate*:*Default" version="124">
<ModelUnits mass="kilogram" length="millimeter"/>
<PartFile name="Link-plate.SLDPRT" type="SolidWorks Part"/>
<MassProperties>
<Mass>0.0028825008972002274</Mass>
<CenterOfMass>0 0 0.00050000000000000001</CenterOfMass>
<Inertia>1.4941972597400322e-07 4.8188568106851431e-07 6.3082499022631754e-07 0 0 0</Inertia>
</MassProperties>
<GeometryFile name="Link-plate_Default_sldprt.STEP" type="STEP"/>
<VisualProperties>
<Ambient r="0.89803921568627454" g="0.91764705882352937" b="0.92941176470588238" a="1"/>
<Diffuse r="0.89803921568627454" g="0.91764705882352937" b="0.92941176470588238" a="1"/>
<Specular r="0.44901960784313727" g="0.45882352941176469" b="0.46470588235294119" a="1"/>
<Emissive r="0" g="0" b="0" a="1"/>
<Shininess>0.3125</Shininess>
</VisualProperties>
</Part>
<Part name="MX-106T" uid="MX-106T*:*Default" version="103">
<ModelUnits mass="kilogram" length="millimeter"/>
<PartFile name="MX-106T.SLDPRT" type="SolidWorks Part"/>
<MassProperties>
<Mass>0.19561170999999999</Mass>
<CenterOfMass>3.6294547203052311e-06 -0.015728033898397709 0.00046041747606699097</CenterOfMass>
<Inertia>9.353676381074006e-05 5.2149211406744044e-05 7.3933306729302193e-05 -2.4036217245456804e-06 5.2267768495909148e-09 -3.7129011812466664e-09</Inertia>
</MassProperties>
<GeometryFile name="MX-106T_Default_sldprt.STEP" type="STEP"/>
<VisualProperties>
<Ambient r="0.20784313725490194" g="0.20784313725490194" b="0.20784313725490194" a="1"/>
<Diffuse r="0.20784313725490194" g="0.20784313725490194" b="0.20784313725490194" a="1"/>
<Specular r="0.10392156862745097" g="0.10392156862745097" b="0.10392156862745097" a="1"/>
<Emissive r="0" g="0" b="0" a="1"/>
<Shininess>0.40000000596046448</Shininess>
</VisualProperties>
</Part>
<Part name="MX-28T" uid="MX-28T*:*Default" version="106">
<ModelUnits mass="kilogram" length="millimeter"/>
<PartFile name="MX-28T.SLDPRT" type="SolidWorks Part"/>
<MassProperties>
<Mass>0.096388378599999991</Mass>
<CenterOfMass>-4.9207660184937118e-09 -0.011515527780961547 -3.1786961811860269e-05</CenterOfMass>
<Inertia>2.7164585570374297e-05 1.6677802875978787e-05 2.3015011739517364e-05 -4.071722230813414e-07 1.1831857898853264e-11 6.3971751373782056e-13</Inertia>
</MassProperties>
<GeometryFile name="MX-28T_Default_sldprt.STEP" type="STEP"/>
<VisualProperties>
<Ambient r="0.20784313725490194" g="0.20784313725490194" b="0.20784313725490194" a="1"/>
<Diffuse r="0.20784313725490194" g="0.20784313725490194" b="0.20784313725490194" a="1"/>
<Specular r="0.10392156862745097" g="0.10392156862745097" b="0.10392156862745097" a="1"/>
<Emissive r="0" g="0" b="0" a="1"/>
<Shininess>0.40000000596046448</Shininess>
</VisualProperties>
</Part>
<Part name="MX-64T" uid="MX-64T*:*Default" version="103">
<ModelUnits mass="kilogram" length="millimeter"/>
<PartFile name="MX-64T.SLDPRT" type="SolidWorks Part"/>
<MassProperties>
<Mass>0.17009713900000001</Mass>
<CenterOfMass>1.1288218934808353e-11 -0.015203481847325203 0.0004522569386128018</CenterOfMass>
<Inertia>7.0095398659614366e-05 3.984645342901137e-05 5.8501037407669086e-05 -2.0688024459748725e-06 4.7677246070726803e-14 -9.3378993115599097e-13</Inertia>
</MassProperties>
<GeometryFile name="MX-64T_Default_sldprt.STEP" type="STEP"/>
<VisualProperties>
<Ambient r="0.20784313725490194" g="0.20784313725490194" b="0.20784313725490194" a="1"/>
<Diffuse r="0.20784313725490194" g="0.20784313725490194" b="0.20784313725490194" a="1"/>
<Specular r="0.10392156862745097" g="0.10392156862745097" b="0.10392156862745097" a="1"/>
<Emissive r="0" g="0" b="0" a="1"/>
<Shininess>0.40000000596046448</Shininess>
</VisualProperties>
</Part>
<Part name="NewBase.step" uid="NewBase.step*:*Default" version="122">
<ModelUnits mass="kilogram" length="meter"/>
<PartFile name="NewBase.step.SLDPRT" type="SolidWorks Part"/>
<MassProperties>
<Mass>0.10049315293122373</Mass>
<CenterOfMass>-0.00030893410258943127 -0.00044403020031794505 0.0079397099266352265</CenterOfMass>
<Inertia>7.7224670407707041e-05 8.7043384496792722e-05 0.00013209420201146978 -2.4094489818662504e-12 3.1995303369966509e-13 3.8664112483373265e-09</Inertia>
</MassProperties>
<GeometryFile name="NewBase.step_Default_sldprt.STEP" type="STEP"/>
<VisualProperties>
<Ambient r="1" g="1" b="1" a="1"/>
<Diffuse r="1" g="1" b="1" a="1"/>
<Specular r="0.30000001192092896" g="0.30000001192092896" b="0.30000001192092896" a="1"/>
<Emissive r="0.29999999999999999" g="0.29999999999999999" b="0.29999999999999999" a="1"/>
<Shininess>0.5</Shininess>
</VisualProperties>
</Part>
<Part name="Servo-Disc" uid="Servo-Disc*:*Default" version="144">
<ModelUnits mass="kilogram" length="millimeter"/>
<PartFile name="Servo-Disc.SLDPRT" type="SolidWorks Part"/>
<MassProperties>
<Mass>0.0022669635214453581</Mass>
<CenterOfMass>0.00097661436740035124 0 0</CenterOfMass>
<Inertia>1.9199819105797379e-07 9.6747602260681125e-08 9.6747602260681165e-08 0 0 0</Inertia>
</MassProperties>
<GeometryFile name="Servo-Disc_Default_sldprt.STEP" type="STEP"/>
<VisualProperties>
<Ambient r="0.89803921568627454" g="0.91764705882352937" b="0.92941176470588238" a="1"/>
<Diffuse r="0.89803921568627454" g="0.91764705882352937" b="0.92941176470588238" a="1"/>
<Specular r="0.44901960784313727" g="0.45882352941176469" b="0.46470588235294119" a="1"/>
<Emissive r="0" g="0" b="0" a="1"/>
<Shininess>0.3125</Shininess>
</VisualProperties>
</Part>
<Part name="Servo-disc-link_MX-106T" uid="Servo-disc-link_MX-106T*:*Default" version="245">
<ModelUnits mass="kilogram" length="millimeter"/>
<PartFile name="Servo-disc-link_MX-106T.SLDPRT" type="SolidWorks Part"/>
<MassProperties>
<Mass>0.0086440413403225114</Mass>
<CenterOfMass>0.0061500000000000816 0.012499999999999997 -0.010526227736498391</CenterOfMass>
<Inertia>1.7786292104403482e-06 6.1848717997336472e-06 5.3446742483731498e-06 0 0 0</Inertia>
</MassProperties>
<GeometryFile name="Servo-disc-link_MX-106T_Default_sldprt.STEP" type="STEP"/>
<VisualProperties>
<Ambient r="0.89803921568627454" g="0.91764705882352937" b="0.92941176470588238" a="1"/>
<Diffuse r="0.89803921568627454" g="0.91764705882352937" b="0.92941176470588238" a="1"/>
<Specular r="0.44901960784313727" g="0.45882352941176469" b="0.46470588235294119" a="1"/>
<Emissive r="0" g="0" b="0" a="1"/>
<Shininess>0.3125</Shininess>
</VisualProperties>
</Part>
<Part name="Servo-disc-link_MX-28T" uid="Servo-disc-link_MX-28T*:*Default" version="285">
<ModelUnits mass="kilogram" length="millimeter"/>
<PartFile name="Servo-disc-link_MX-28T.SLDPRT" type="SolidWorks Part"/>
<MassProperties>
<Mass>0.0077785778411459637</Mass>
<CenterOfMass>-0.00057499999999993993 0.012499999999999994 -0.011697401449226404</CenterOfMass>
<Inertia>1.6268186003975949e-06 3.8970317287224717e-06 3.1182960071232576e-06 0 0 0</Inertia>
</MassProperties>
<GeometryFile name="Servo-disc-link_MX-28T_Default_sldprt.STEP" type="STEP"/>
<VisualProperties>
<Ambient r="0.89803921568627454" g="0.91764705882352937" b="0.92941176470588238" a="1"/>
<Diffuse r="0.89803921568627454" g="0.91764705882352937" b="0.92941176470588238" a="1"/>
<Specular r="0.44901960784313727" g="0.45882352941176469" b="0.46470588235294119" a="1"/>
<Emissive r="0" g="0" b="0" a="1"/>
<Shininess>0.3125</Shininess>
</VisualProperties>
</Part>
<Part name="Servo-disc-link_MX-64T" uid="Servo-disc-link_MX-64T*:*Default" version="257">
<ModelUnits mass="kilogram" length="millimeter"/>
<PartFile name="Servo-disc-link_MX-64T.SLDPRT" type="SolidWorks Part"/>
<MassProperties>
<Mass>0.0082862913403225213</Mass>
<CenterOfMass>0.0035000000000000768 0.012499999999999999 -0.010980684117292968</CenterOfMass>
<Inertia>1.7186159866796081e-06 5.1868693418407843e-06 4.3694193892410291e-06 0 0 0</Inertia>
</MassProperties>
<GeometryFile name="Servo-disc-link_MX-64T_Default_sldprt.STEP" type="STEP"/>
<VisualProperties>
<Ambient r="0.89803921568627454" g="0.91764705882352937" b="0.92941176470588238" a="1"/>
<Diffuse r="0.89803921568627454" g="0.91764705882352937" b="0.92941176470588238" a="1"/>
<Specular r="0.44901960784313727" g="0.45882352941176469" b="0.46470588235294119" a="1"/>
<Emissive r="0" g="0" b="0" a="1"/>
<Shininess>0.3125</Shininess>
</VisualProperties>
</Part>
<Part name="Servo-link-link_MX-64T" uid="Servo-link-link_MX-64T*:*Default" version="357">
<ModelUnits mass="kilogram" length="millimeter"/>
<PartFile name="Servo-link-link_MX-64T.SLDPRT" type="SolidWorks Part"/>
<MassProperties>
<Mass>0.0039095056304818522</Mass>
<CenterOfMass>-0.0044999999999999303 0.014999999999999998 -0.0011203296524595074</CenterOfMass>
<Inertia>3.0822167961157938e-07 6.4706292001102072e-07 9.2163407867759517e-07 0 0 0</Inertia>
</MassProperties>
<GeometryFile name="Servo-link-link_MX-64T_Default_sldprt.STEP" type="STEP"/>
<VisualProperties>
<Ambient r="0.89803921568627454" g="0.91764705882352937" b="0.92941176470588238" a="1"/>
<Diffuse r="0.89803921568627454" g="0.91764705882352937" b="0.92941176470588238" a="1"/>
<Specular r="0.44901960784313727" g="0.45882352941176469" b="0.46470588235294119" a="1"/>
<Emissive r="0" g="0" b="0" a="1"/>
<Shininess>0.3125</Shininess>
</VisualProperties>
</Part>
</Parts>
</SimscapeMultibodyImportXML>
