<?xml version="1.0" encoding="UTF-8" standalone="no" ?>
<SimscapeMultibodyImportXML version="2.0" xmlns="urn:mathworks:SimscapeMultibody:import" xmlns:xsi="http://www.w3.org/2001/XMLSchema-instance">
<Created by="" on="11/13/20||12:34:29" using="Simscape Multibody Link Version 7.2" from="SolidWorks 28.4.0"/>
<ModelUnits mass="kilogram" length="millimeter"/>
<DataUnits mass="kilogram" length="meter"/>
<RootAssembly name="assembly_crust_crawler" uid="assembly_crust_crawler" version="173">
<AssemblyFile name="assembly_crust_crawler.SLDASM" type="SolidWorks Assembly"/>
<InstanceTree>
<Instance name="Assem3-1" uid="Assem3-1" entityUid="Assem3" rigid="true">
<Transform>
<Rotation>0.65877361876119511 0.023937677789270851 -0.75196030932911395 -3.6417049931181111e-13 -0.99949369259964904 -0.031817580887274086 -0.75234122525904412 0.020960582901610448 -0.65844007680285155</Rotation>
<Translation>0.093708950282522505 0.26380983736509284 0.27889912296514457</Translation>
</Transform>
<Instance name="Servo-Disc-1" uid="Servo-Disc-1" grounded="true" entityUid="Servo-Disc*:*Default">
<Transform>
<Rotation>1 0 0 0 1 0 0 0 1</Rotation>
<Translation>0.002091158689349365 0.025000000000000078 0.00010478504031669056</Translation>
</Transform>
</Instance>
<Instance name="Servo-disc-link_MX-106T-1" uid="Servo-disc-link_MX-106T-1" entityUid="Servo-disc-link_MX-106T*:*Default">
<Transform>
<Rotation>1 0 0 0 0.70710678118654791 -0.70710678118654713 0 0.70710678118654702 0.70710678118654791</Rotation>
<Translation>0.023591158689349287 -0.010708892449920626 0.018136007960573658</Translation>
</Transform>
</Instance>
<Instance name="Link-1-2" uid="Link-1-2" entityUid="Link-1*:*Default">
<Transform>
<Rotation>-1 0 0 0 -0.70710678118654768 -0.70710678118654746 0 -0.70710678118654746 0.70710678118654768</Rotation>
<Translation>0.029741158689349359 -0.039346717087975713 0.08212917165795619</Translation>
</Transform>
</Instance>
<Instance name="Servo-Disc-2" uid="Servo-Disc-2" entityUid="Servo-Disc*:*Default">
<Transform>
<Rotation>1 0 0 0 1 0 0 0 1</Rotation>
<Translation>0.055391158689349337 0.025000000000000105 0.00010478504031663505</Translation>
</Transform>
</Instance>
<Instance name="Servo-link-link_MX-64T-1" uid="Servo-link-link_MX-64T-1" entityUid="Servo-link-link_MX-64T*:*Default">
<Transform>
<Rotation>1.0000000000000002 1.1657341758564144e-15 -3.3306690738754696e-16 1.2490009027033011e-15 -0.70710678118654824 0.70710678118654668 4.9960036108132044e-16 -0.7071067811865468 -0.70710678118654835</Rotation>
<Translation>0.034241158689349266 -0.084601551083914761 0.13091953955982796</Translation>
</Transform>
</Instance>
<Instance name="Link-plate-1" uid="Link-plate-1" entityUid="Link-plate*:*Default">
<Transform>
<Rotation>1 -7.6542007360834001e-16 1.3738309013483005e-16 6.3837823915946491e-16 0.70710678118654757 -0.70710678118654724 4.4408920985006252e-16 0.70710678118654724 0.70710678118654757</Rotation>
<Translation>0.02974115868934929 -0.094147492629933216 0.11925227767024998</Translation>
</Transform>
</Instance>
<Instance name="MX-64T-1" uid="MX-64T-1" entityUid="MX-64T*:*Default">
<Transform>
<Rotation>-1.4988010832439613e-15 3.8857805861880479e-16 1.0000000000000002 0.70710678118654779 -0.70710678118654735 1.4675760606763788e-15 0.70710678118654724 0.70710678118654779 7.7715611723760958e-16</Rotation>
<Translation>0.029741158689346014 -0.13042207050480314 0.15552685554511991</Translation>
</Transform>
</Instance>
</Instance>
<Instance name="Assem2-1" uid="Assem2-1" entityUid="Assem2" rigid="true">
<Transform>
<Rotation>-0.53879151824677163 5.4520101313397711e-13 0.84243913718757102 2.9374846299631827e-13 1 -4.5929985791378746e-13 -0.84243913718757102 0 -0.53879151824677163</Rotation>
<Translation>0.048639774511200079 0.14980242841414274 0.34746141882201548</Translation>
</Transform>
<Instance name="NewBase.step-1" uid="NewBase.step-1" entityUid="NewBase.step*:*Default">
<Transform>
<Rotation>0.96022237797528764 -0.2792364317840425 -3.3274924560081262e-14 3.4122816474755951e-14 -1.8096518064046881e-15 1 -0.2792364317840425 -0.96022237797528764 7.7876281286502845e-15</Rotation>
<Translation>0.040680096888213613 0.033450621136939696 0.10108546602913542</Translation>
</Transform>
</Instance>
<Instance name="Base-disc-1" uid="Base-disc-1" grounded="true" entityUid="Base-disc*:*Default">
<Transform>
<Rotation>1 0 0 0 1 0 0 0 1</Rotation>
<Translation>0.040555196284047412 0.032016731964861433 0.10160887104312384</Translation>
</Transform>
</Instance>
<Instance name="MX-106T-1" uid="MX-106T-1" entityUid="MX-106T*:*Default">
<Transform>
<Rotation>0.9603317499880154 6.6048618165239044e-08 0.27886005444479028 -6.8776882541640105e-08 0.99999999999999767 2.0815797965190123e-14 -0.27886005444478962 -1.9179145200176397e-08 0.96033174998801774</Rotation>
<Translation>0.040507435363501432 0.089016732629481649 0.10159809747899695</Translation>
</Transform>
</Instance>
</Instance>
<Instance name="Assem4-1" uid="Assem4-1" entityUid="Assem4" rigid="true">
<Transform>
<Rotation>-0.49550589338233042 0.090979694188886379 0.86382672155280982 0.11451448380572582 0.99266118798413427 -0.038861277238861514 -0.86102284674803309 0.079664679219991694 -0.50228796149488686</Rotation>
<Translation>-0.30069861653761332 0.13988051922046324 0.087967808907825823</Translation>
</Transform>
<Instance name="Servo-Disc-2" uid="Servo-Disc-2" entityUid="Servo-Disc*:*Default">
<Transform>
<Rotation>0.32135677299742543 0.90207865086455252 0.2880693182257873 3.1918911957973246e-16 -0.30420489471087026 0.95260662502102533 0.94695819572390905 -0.30612659095272504 -0.097758303294307125</Rotation>
<Translation>-0.16356362909863631 0.27930062422774526 0.2363179716162761</Translation>
</Transform>
</Instance>
<Instance name="Link-plate-1" uid="Link-plate-1" grounded="true" entityUid="Link-plate*:*Default">
<Transform>
<Rotation>0.32135677299743887 0.5540816189482044 0.76793449199291031 -1.7721935030579058e-14 -0.81094867277204108 0.58511729604350693 0.94695819572390438 -0.18803140608154215 -0.26060384854856933</Rotation>
<Translation>-0.08993774597229523 0.34103049896034954 0.18704422709274798</Translation>
</Transform>
</Instance>
<Instance name="Servo-Disc-1" uid="Servo-Disc-1" entityUid="Servo-Disc*:*Default">
<Transform>
<Rotation>-0.32135677299742588 0.15121681670604667 0.93480655688434866 -1.0408340855860843e-16 0.98716771353325605 -0.15968689788934948 -0.94695819572390894 -0.051316466195690753 -0.31723303082829457</Rotation>
<Translation>-0.1783460406565171 0.27930062422774077 0.1927578946129733</Translation>
</Transform>
</Instance>
<Instance name="Servo-disc-link_MX-64T-1" uid="Servo-disc-link_MX-64T-1" entityUid="Servo-disc-link_MX-64T*:*Default">
<Transform>
<Rotation>-0.32135677299742554 -0.55408161894821317 0.76793449199290975 -1.1032841307212491e-15 0.8109486727720403 0.58511729604350815 -0.94695819572390894 0.18803140608152027 -0.26060384854856872</Rotation>
<Translation>-0.13372255523947776 0.29139822306776508 0.20559894797878375</Translation>
</Transform>
</Instance>
<Instance name="Link-2-1" uid="Link-2-1" entityUid="Link-2*:*Default">
<Transform>
<Rotation>-0.32135677299745496 -0.55408161894819208 0.76793449199291242 4.2160719360140313e-14 0.81094867277204319 0.58511729604350404 -0.94695819572389894 0.18803140608156937 -0.26060384854856949</Rotation>
<Translation>-0.10873753121719844 0.31129221113323846 0.19342406344311455</Translation>
</Transform>
</Instance>
<Instance name="ConnectorThing.step-1" uid="ConnectorThing.step-1" entityUid="ConnectorThing.step*:*Default">
<Transform>
<Rotation>0.76793449199291031 -0.5540816189482145 0.32135677299742194 0.5851172960435076 0.81094867277204075 5.9119376061289586e-15 -0.26060384854856855 0.18803140608151425 0.94695819572391038</Rotation>
<Translation>-0.16996137785071144 0.27870113933573881 0.21420079664366271</Translation>
</Transform>
</Instance>
<Instance name="MX-28T-2" uid="MX-28T-2" entityUid="MX-28T*:*Default">
<Transform>
<Rotation>0.55408161894821506 0.76793449199290986 0.32135677299742177 -0.81094867277204008 0.58511729604350826 5.6066262743570405e-15 -0.18803140608151461 -0.26060384854856811 0.94695819572391016</Rotation>
<Translation>-0.057838084206992935 0.36548840193497156 0.17615098622342176</Translation>
</Transform>
</Instance>
</Instance>
<Instance name="Assem1-1" uid="Assem1-1" grounded="true" entityUid="Assem1" rigid="true">
<Transform>
<Rotation>1 0 0 0 1 0 0 0 1</Rotation>
<Translation>0.10461496301178386 0.046969951860224374 0.11074998574997608</Translation>
</Transform>
<Instance name="Assem2^Assem1-1" uid="Assem2^Assem1-1" entityUid="Assem2^Assem1" rigid="true">
<Transform>
<Rotation>1 0 0 0 1 0 0 0 1</Rotation>
<Translation>0 0 0</Translation>
</Transform>
</Instance>
<Instance name="MX-106T-1" uid="MX-106T-1" entityUid="MX-106T*:*Default">
<Transform>
<Rotation>1 0 5.451988067355682e-13 -5.451988067355683e-13 0 1 0 -1 0</Rotation>
<Translation>0.0077733053728611806 0.10454920851874494 0.14780015060939083</Translation>
</Transform>
</Instance>
<Instance name="Base-1" uid="Base-1" grounded="true" entityUid="Base*:*Default">
<Transform>
<Rotation>1 0 0 0 1 0 0 0 1</Rotation>
<Translation>0.0077733053728704926 0.11154920851873676 0.14855015060939081</Translation>
</Transform>
</Instance>
</Instance>
<Instance name="Assem6-1" uid="Assem6-1" entityUid="Assem6" rigid="true">
<Transform>
<Rotation>-0.20716656780818424 -0.64961687460631712 -0.73149157849513013 0.64761622282594289 0.46936472692554893 -0.6002416022326037 0.73326341863973787 -0.59807580568421692 0.32346574708914566</Rotation>
<Translation>0.26458980531273102 0.4502158791495216 0.30707555887722071</Translation>
</Transform>
<Instance name="MX-28T-1" uid="MX-28T-1" entityUid="MX-28T*:*Default">
<Transform>
<Rotation>0.73071599270437992 0.049717417113280982 -0.68086879532082867 -0.024853056585328936 0.9986208068289133 0.046247267451565266 0.68222904041415489 -0.016871947248442182 0.73094382397803104</Rotation>
<Translation>-0.046771237431915635 0.50435429428121747 0.1389568355120302</Translation>
</Transform>
</Instance>
<Instance name="Servo-Disc-2" uid="Servo-Disc-2" entityUid="Servo-Disc*:*Default">
<Transform>
<Rotation>-0.68086879532084466 0.00023923986938995112 0.7324053702169494 0.046247267451567681 -0.99799030709679692 0.043319016541282396 0.73094382397801605 0.063366313646334382 0.67948939394465091</Rotation>
<Translation>-0.060797134615528992 0.50530698799072049 0.1540142782859738</Translation>
</Transform>
</Instance>
<Instance name="Gripper2.step-1" uid="Gripper2.step-1" grounded="true" entityUid="Gripper2.step*:*Default">
<Transform>
<Rotation>-0.72249688600669593 -0.68086879532083233 0.12006637026655659 0.12119577660937453 0.04624726745156485 0.99155069158632225 -0.6806686664175734 0.73094382397802748 0.049104915697923107</Rotation>
<Translation>0.051535333688288998 0.64583336739814223 0.059800076833061766</Translation>
</Transform>
</Instance>
<Instance name="Gripper1.step-1" uid="Gripper1.step-1" entityUid="Gripper1.step*:*Default">
<Transform>
<Rotation>0.7307159927044079 -0.68086879532083633 -0.049717417112767559 -0.024853056584629163 0.046247267451563101 -0.99862080682893073 0.68222904041415067 0.73094382397802415 0.016871947248918218</Rotation>
<Translation>0.027735113989042159 0.35079745679818053 0.053561263260705538</Translation>
</Transform>
</Instance>
<Instance name="Servo-Disc-1" uid="Servo-Disc-1" entityUid="Servo-Disc*:*Default">
<Transform>
<Rotation>0.68086879532082811 0.58770642906232651 0.43705701778735118 -0.046247267451560409 0.63005010291723662 -0.77517614647720123 -0.73094382397803193 0.5075805562201805 0.45616127097286951</Rotation>
<Translation>-0.035026250712632045 0.5035565289176771 0.12634805454841178</Translation>
</Transform>
</Instance>
<Instance name="MX-28T-2" uid="MX-28T-2" entityUid="MX-28T*:*Default">
<Transform>
<Rotation>0.73071599270439869 -0.68086879532084421 -0.049717417112796036 -0.024853056584663469 0.046247267451567736 -0.99862080682892973 0.68222904041415955 0.73094382397801649 0.016871947248897595</Rotation>
<Translation>-0.066984815493822347 0.4413990201691303 0.15831361012462999</Translation>
</Transform>
</Instance>
<Instance name="Holder-thing.step-1" uid="Holder-thing.step-1" entityUid="Holder-thing.step*:*Default">
<Transform>
<Rotation>0.73071599270440968 -0.68086879532083278 -0.049717417112787349 -0.024853056584659527 0.046247267451559694 -0.99862080682893017 0.68222904041414756 0.7309438239780276 0.016871947248895153</Rotation>
<Translation>0.02737955475203796 0.35257510393397318 0.054006850838613008</Translation>
</Transform>
</Instance>
<Instance name="Servo-Disc-3" uid="Servo-Disc-3" entityUid="Servo-Disc*:*Default">
<Transform>
<Rotation>0.049717417112792539 -0.52817701325574096 0.84767754547580054 0.99862080682892984 0.040625770307194123 -0.033257043694292832 -0.016871947248898733 0.84816188870709819 0.52946836349383353</Rotation>
<Translation>-0.066127190048636042 0.45862522908692954 0.15802256903458181</Translation>
</Transform>
</Instance>
</Instance>
<Instance name="Assem5-1" uid="Assem5-1" entityUid="Assem5" rigid="true">
<Transform>
<Rotation>0.11178132695573473 -0.66560408042026142 -0.73788626703030147 0.83526424175448333 0.46521157947857628 -0.29310720353712982 0.53836658643560276 -0.58356610118044583 0.60795725521020838</Rotation>
<Translation>0.28092042126226607 0.41293986092604623 0.21948481515039636</Translation>
</Transform>
<Instance name="Servo-Disc-3" uid="Servo-Disc-3" entityUid="Servo-Disc*:*Default">
<Transform>
<Rotation>0.33139678800924893 -0.049717417112823535 0.94218063413168407 -0.00055842686089030414 -0.99862080682892818 -0.05249926025937373 0.9434913126556036 0.016871947248908271 -0.33096749136348136</Rotation>
<Translation>-0.047160510190145832 0.36244279757705683 0.18062687993671572</Translation>
</Transform>
</Instance>
<Instance name="Servo-Disc-1" uid="Servo-Disc-1" grounded="true" entityUid="Servo-Disc*:*Default">
<Transform>
<Rotation>-0.049717417112793816 -0.64839365222763667 0.75968009726893515 -0.99862080682892962 0.019422724340527553 -0.048777473771496369 0.016871947248898622 -0.76105744167579004 -0.64846503981782377</Rotation>
<Translation>-0.051418639010083533 0.40289750848196326 0.16208799298111662</Translation>
</Transform>
</Instance>
<Instance name="Servo-disc-link_MX-28T-1" uid="Servo-disc-link_MX-28T-1" entityUid="Servo-disc-link_MX-28T*:*Default">
<Transform>
<Rotation>0.33139678800924882 0.94218063413168562 0.049717417112793781 -0.000558426860889638 -0.052499260259342428 0.99862080682892973 0.9434913126556036 -0.33096749136348175 -0.016871947248898518</Rotation>
<Translation>-0.063129637326486465 0.40105687612269186 0.16680977399607461</Translation>
</Transform>
</Instance>
<Instance name="Servo-Disc-2" uid="Servo-Disc-2" entityUid="Servo-Disc*:*Default">
<Transform>
<Rotation>-0.33139678800924804 0.049717417112753508 0.94218063413168807 0.00055842686088947147 0.99862080682893195 -0.052499260259299789 -0.94349131265560393 -0.016871947248884498 -0.33096749136348158</Rotation>
<Translation>-0.059703878616321926 0.36246393403373356 0.14491573375271027</Translation>
</Transform>
</Instance>
</Instance>
</InstanceTree>
<Constraints>
<Concentric name="Concentric2">
<ConstraintGeometry geomType="circle">
<InstancePath>
<Uid>Assem1-1</Uid>
<Uid>MX-106T-1</Uid>
</InstancePath>
<Position>0 0 0.030800000000003519</Position>
<Axis>0 0 1</Axis>
</ConstraintGeometry>
<ConstraintGeometry geomType="circle">
<InstancePath>
<Uid>Assem2-1</Uid>
<Uid>Base-disc-1</Uid>
</InstancePath>
<Position>0 0 0</Position>
<Axis>0 1 0</Axis>
</ConstraintGeometry>
</Concentric>
<Coincident name="Coincident3">
<ConstraintGeometry geomType="plane">
<InstancePath>
<Uid>Assem1-1</Uid>
<Uid>MX-106T-1</Uid>
</InstancePath>
<Position>0.0028639490833659992 0.0028639490833660131 0.030799999999999994</Position>
<Axis>0 0 1</Axis>
</ConstraintGeometry>
<ConstraintGeometry geomType="plane">
<InstancePath>
<Uid>Assem2-1</Uid>
<Uid>NewBase.step-1</Uid>
</InstancePath>
<Position>-0.00026608610362710561 -0.00046770840814110148 -0.00093388917207831712</Position>
<Axis>-3.4295160332294293e-14 1.8519084032139937e-15 -1</Axis>
</ConstraintGeometry>
</Coincident>
<Concentric name="Concentric3">
<ConstraintGeometry geomType="circle">
<InstancePath>
<Uid>Assem2-1</Uid>
<Uid>MX-106T-1</Uid>
</InstancePath>
<Position>0 0 0.030800000000003519</Position>
<Axis>-1.1102230246251565e-16 0 1.0000000000000002</Axis>
</ConstraintGeometry>
<ConstraintGeometry geomType="circle">
<InstancePath>
<Uid>Assem3-1</Uid>
<Uid>Servo-Disc-2</Uid>
</InstancePath>
<Position>0 0 0</Position>
<Axis>1.0000000000000002 0 0</Axis>
</ConstraintGeometry>
</Concentric>
<Coincident name="Coincident7">
<ConstraintGeometry geomType="plane">
<InstancePath>
<Uid>Assem2-1</Uid>
<Uid>MX-106T-1</Uid>
</InstancePath>
<Position>0.0052000000000000379 0.0052000000000000102 0.027800000000000047</Position>
<Axis>-1.1102230246251565e-16 0 1.0000000000000002</Axis>
</ConstraintGeometry>
<ConstraintGeometry geomType="plane">
<InstancePath>
<Uid>Assem3-1</Uid>
<Uid>Servo-Disc-2</Uid>
</InstancePath>
<Position>0 0 0</Position>
<Axis>-1.0000000000000002 0 0</Axis>
</ConstraintGeometry>
</Coincident>
<Concentric name="Concentric5">
<ConstraintGeometry geomType="circle">
<InstancePath>
<Uid>Assem3-1</Uid>
<Uid>MX-64T-1</Uid>
</InstancePath>
<Position>0 0 0.028000000000003383</Position>
<Axis>-6.106226635438361e-16 -1.1102230246251565e-16 1.0000000000000002</Axis>
</ConstraintGeometry>
<ConstraintGeometry geomType="circle">
<InstancePath>
<Uid>Assem4-1</Uid>
<Uid>Servo-Disc-2</Uid>
</InstancePath>
<Position>0 0 0</Position>
<Axis>1 -1.1102230246251565e-16 0</Axis>
</ConstraintGeometry>
</Concentric>
<Concentric name="Concentric6">
<ConstraintGeometry geomType="circle">
<InstancePath>
<Uid>Assem3-1</Uid>
<Uid>MX-64T-1</Uid>
</InstancePath>
<Position>0 0 0.028000000000003383</Position>
<Axis>-6.106226635438361e-16 -1.1102230246251565e-16 1.0000000000000002</Axis>
</ConstraintGeometry>
<ConstraintGeometry geomType="circle">
<InstancePath>
<Uid>Assem4-1</Uid>
<Uid>Servo-Disc-2</Uid>
</InstancePath>
<Position>0 0 0</Position>
<Axis>1 -1.1102230246251565e-16 0</Axis>
</ConstraintGeometry>
</Concentric>
<Coincident name="Coincident9">
<ConstraintGeometry geomType="plane">
<InstancePath>
<Uid>Assem3-1</Uid>
<Uid>MX-64T-1</Uid>
</InstancePath>
<Position>0.0052080362699700178 0.0051999999999999824 0.025300000000000017</Position>
<Axis>0 -1.6653345369377348e-16 1.0000000000000002</Axis>
</ConstraintGeometry>
<ConstraintGeometry geomType="plane">
<InstancePath>
<Uid>Assem4-1</Uid>
<Uid>Servo-Disc-2</Uid>
</InstancePath>
<Position>0 0 0</Position>
<Axis>-1 1.1102230246251565e-16 0</Axis>
</ConstraintGeometry>
</Coincident>
<Concentric name="Concentric7">
<ConstraintGeometry geomType="circle">
<InstancePath>
<Uid>Assem4-1</Uid>
<Uid>MX-28T-2</Uid>
</InstancePath>
<Position>0 0 0.022599999999999842</Position>
<Axis>-2.7755575615628914e-16 1.1102230246251565e-16 1</Axis>
</ConstraintGeometry>
<ConstraintGeometry geomType="circle">
<InstancePath>
<Uid>Assem5-1</Uid>
<Uid>Servo-Disc-2</Uid>
</InstancePath>
<Position>0 0 0</Position>
<Axis>1 1.6653345369377348e-16 0</Axis>
</ConstraintGeometry>
</Concentric>
<Distance name="Distance2">
<ConstraintGeometry geomType="plane">
<InstancePath>
<Uid>Assem4-1</Uid>
<Uid>MX-28T-2</Uid>
</InstancePath>
<Position>-0.011647999999999992 -0.032860000000000056 0.017749999999999988</Position>
<Axis>-2.7755575615628914e-16 1.1102230246251565e-16 1</Axis>
</ConstraintGeometry>
<ConstraintGeometry geomType="plane">
<InstancePath>
<Uid>Assem5-1</Uid>
<Uid>Servo-Disc-2</Uid>
</InstancePath>
<Position>0 0 0</Position>
<Axis>-1 -1.6653345369377348e-16 0</Axis>
</ConstraintGeometry>
</Distance>
<Concentric name="Concentric8">
<ConstraintGeometry geomType="circle">
<InstancePath>
<Uid>Assem5-1</Uid>
<Uid>Servo-Disc-1</Uid>
</InstancePath>
<Position>0 0 0</Position>
<Axis>1 0 0</Axis>
</ConstraintGeometry>
<ConstraintGeometry geomType="circle">
<InstancePath>
<Uid>Assem6-1</Uid>
<Uid>MX-28T-2</Uid>
</InstancePath>
<Position>0 0 0.022599999999999787</Position>
<Axis>0 0 1.0000000000000002</Axis>
</ConstraintGeometry>
</Concentric>
<Coincident name="Coincident11">
<ConstraintGeometry geomType="plane">
<InstancePath>
<Uid>Assem5-1</Uid>
<Uid>Servo-Disc-1</Uid>
</InstancePath>
<Position>0 0 0</Position>
<Axis>-1 0 0</Axis>
</ConstraintGeometry>
<ConstraintGeometry geomType="plane">
<InstancePath>
<Uid>Assem6-1</Uid>
<Uid>MX-28T-2</Uid>
</InstancePath>
<Position>-0.011648000000000019 -0.03286 0.017749999999999932</Position>
<Axis>0 0 1.0000000000000002</Axis>
</ConstraintGeometry>
</Coincident>
</Constraints>
</RootAssembly>
<Assemblies>
<Assembly name="Assem3" uid="Assem3" version="132">
<ModelUnits mass="kilogram" length="millimeter"/>
<AssemblyFile name="Assem3.SLDASM" type="SolidWorks Assembly"/>
</Assembly>
<Assembly name="Assem2" uid="Assem2" version="149">
<ModelUnits mass="kilogram" length="millimeter"/>
<AssemblyFile name="Assem2.SLDASM" type="SolidWorks Assembly"/>
</Assembly>
<Assembly name="Assem4" uid="Assem4" version="199">
<ModelUnits mass="kilogram" length="millimeter"/>
<AssemblyFile name="Assem4.SLDASM" type="SolidWorks Assembly"/>
</Assembly>
<Assembly name="Assem1" uid="Assem1" version="134">
<ModelUnits mass="kilogram" length="millimeter"/>
<AssemblyFile name="Assem1.SLDASM" type="SolidWorks Assembly"/>
</Assembly>
<Assembly name="Assem2^Assem1" uid="Assem2^Assem1" version="102">
<ModelUnits mass="kilogram" length="millimeter"/>
<AssemblyFile name="Assem1.SLDASM" type="SolidWorks Assembly"/>
</Assembly>
<Assembly name="Assem6" uid="Assem6" version="113">
<ModelUnits mass="kilogram" length="millimeter"/>
<AssemblyFile name="Assem6.SLDASM" type="SolidWorks Assembly"/>
</Assembly>
<Assembly name="Assem5" uid="Assem5" version="113">
<ModelUnits mass="kilogram" length="millimeter"/>
<AssemblyFile name="Assem5.SLDASM" type="SolidWorks Assembly"/>
</Assembly>
</Assemblies>
<Parts>
<Part name="Base" uid="Base*:*Default" version="166">
<ModelUnits mass="kilogram" length="millimeter"/>
<PartFile name="Base.SLDPRT" type="SolidWorks Part"/>
<MassProperties>
<Mass>0.65593512237157092</Mass>
<CenterOfMass>0 -0.0052418387143947304 -0.0019384500945807711</CenterOfMass>
<Inertia>0.0020127951810780301 0.0032512643974183307 0.0020523099399021635 1.3022472320755881e-05 0 0</Inertia>
</MassProperties>
<GeometryFile name="Base_Default_sldprt.STEP" type="STEP"/>
<VisualProperties>
<Ambient r="0.89803921568627454" g="0.91764705882352937" b="0.92941176470588238" a="1"/>
<Diffuse r="0.89803921568627454" g="0.91764705882352937" b="0.92941176470588238" a="1"/>
<Specular r="0.44901960784313727" g="0.45882352941176469" b="0.46470588235294119" a="1"/>
<Emissive r="0" g="0" b="0" a="1"/>
<Shininess>0.3125</Shininess>
</VisualProperties>
</Part>
<Part name="Base-disc" uid="Base-disc*:*Default" version="145">
<ModelUnits mass="kilogram" length="millimeter"/>
<PartFile name="Base-disc.SLDPRT" type="SolidWorks Part"/>
<MassProperties>
<Mass>0.025490270815139347</Mass>
<CenterOfMass>0 0.0004999999999999999 0</CenterOfMass>
<Inertia>1.9378030830698146e-05 3.8748477390903991e-05 1.9374690925008305e-05 0 0 0</Inertia>
</MassProperties>
<GeometryFile name="Base-disc_Default_sldprt.STEP" type="STEP"/>
<VisualProperties>
<Ambient r="0.89803921568627454" g="0.91764705882352937" b="0.92941176470588238" a="1"/>
<Diffuse r="0.89803921568627454" g="0.91764705882352937" b="0.92941176470588238" a="1"/>
<Specular r="0.44901960784313727" g="0.45882352941176469" b="0.46470588235294119" a="1"/>
<Emissive r="0" g="0" b="0" a="1"/>
<Shininess>0.3125</Shininess>
</VisualProperties>
</Part>
<Part name="ConnectorThing.step" uid="ConnectorThing.step*:*Default" version="119">
<ModelUnits mass="kilogram" length="meter"/>
<PartFile name="ConnectorThing.step.SLDPRT" type="SolidWorks Part"/>
<MassProperties>
<Mass>0.0012996907144442983</Mass>
<CenterOfMass>0.10774814170120377 0.0010999999999962002 -4.0063483887917124e-15</CenterOfMass>
<Inertia>2.6834698306757418e-07 1.7716112361381156e-07 1.0320963002479178e-07 0 0 0</Inertia>
</MassProperties>
<GeometryFile name="ConnectorThing.step_Default_sldprt.STEP" type="STEP"/>
<VisualProperties>
<Ambient r="0.85490196078431369" g="0.34901960784313724" b="0.34901960784313724" a="1"/>
<Diffuse r="0.85490196078431369" g="0.34901960784313724" b="0.34901960784313724" a="1"/>
<Specular r="0.42745098039215684" g="0.17450980392156862" b="0.17450980392156862" a="1"/>
<Emissive r="0" g="0" b="0" a="1"/>
<Shininess>0.40000000596046448</Shininess>
</VisualProperties>
</Part>
<Part name="Gripper1.step" uid="Gripper1.step*:*Default" version="121">
<ModelUnits mass="kilogram" length="meter"/>
<PartFile name="Gripper1.step.SLDPRT" type="SolidWorks Part"/>
<MassProperties>
<Mass>0.0054599204509511246</Mass>
<CenterOfMass>-0.012502292553193428 0.1454316780865261 -0.14768222323062552</CenterOfMass>
<Inertia>2.1451058482776558e-06 2.156434904471247e-06 1.421587794843536e-07 2.5182024452305953e-08 2.5156179875331941e-07 -1.2055117757761134e-10</Inertia>
</MassProperties>
<GeometryFile name="Gripper1.step_Default_sldprt.STEP" type="STEP"/>
<VisualProperties>
<Ambient r="1" g="1" b="1" a="1"/>
<Diffuse r="1" g="1" b="1" a="1"/>
<Specular r="0.30000001192092896" g="0.30000001192092896" b="0.30000001192092896" a="1"/>
<Emissive r="0.29999999999999999" g="0.29999999999999999" b="0.29999999999999999" a="1"/>
<Shininess>0.5</Shininess>
</VisualProperties>
</Part>
<Part name="Gripper2.step" uid="Gripper2.step*:*Default" version="121">
<ModelUnits mass="kilogram" length="meter"/>
<PartFile name="Gripper2.step.SLDPRT" type="SolidWorks Part"/>
<MassProperties>
<Mass>0.0063139634922900556</Mass>
<CenterOfMass>0.0085375989499394921 0.14573377484851308 -0.15294310673348427</CenterOfMass>
<Inertia>1.1140409921578254e-06 1.2268680886756324e-06 3.1166109684908582e-07 -2.3420023944894099e-08 6.3432559412632138e-08 -4.067349842280252e-08</Inertia>
</MassProperties>
<GeometryFile name="Gripper2.step_Default_sldprt.STEP" type="STEP"/>
<VisualProperties>
<Ambient r="1" g="1" b="1" a="1"/>
<Diffuse r="1" g="1" b="1" a="1"/>
<Specular r="0.30000001192092896" g="0.30000001192092896" b="0.30000001192092896" a="1"/>
<Emissive r="0.29999999999999999" g="0.29999999999999999" b="0.29999999999999999" a="1"/>
<Shininess>0.5</Shininess>
</VisualProperties>
</Part>
<Part name="Holder-thing.step" uid="Holder-thing.step*:*Default" version="121">
<ModelUnits mass="kilogram" length="meter"/>
<PartFile name="Holder-thing.step.SLDPRT" type="SolidWorks Part"/>
<MassProperties>
<Mass>0.023151968666042598</Mass>
<CenterOfMass>0.00013259426096208851 0.1234786694179619 -0.11190102269106518</CenterOfMass>
<Inertia>1.1929284433577389e-05 8.8143306824472645e-06 1.019611820931662e-05 -5.2535220975554211e-07 -4.5835670555590882e-08 2.1138248222498052e-08</Inertia>
</MassProperties>
<GeometryFile name="Holder-thing.step_Default_sldprt.STEP" type="STEP"/>
<VisualProperties>
<Ambient r="1" g="1" b="1" a="1"/>
<Diffuse r="1" g="1" b="1" a="1"/>
<Specular r="0.30000001192092896" g="0.30000001192092896" b="0.30000001192092896" a="1"/>
<Emissive r="0.29999999999999999" g="0.29999999999999999" b="0.29999999999999999" a="1"/>
<Shininess>0.5</Shininess>
</VisualProperties>
</Part>
<Part name="Link-1" uid="Link-1*:*Default" version="210">
<ModelUnits mass="kilogram" length="millimeter"/>
<PartFile name="Link-1.SLDPRT" type="SolidWorks Part"/>
<MassProperties>
<Mass>0.022790628547627808</Mass>
<CenterOfMass>0 0.0076331491587331331 0.00083741329602527684</CenterOfMass>
<Inertia>4.2813278852128879e-05 4.4610484991882451e-05 4.265798134723661e-06 1.5264625291902983e-08 0 0</Inertia>
</MassProperties>
<GeometryFile name="Link-1_Default_sldprt.STEP" type="STEP"/>
<VisualProperties>
<Ambient r="0.89803921568627454" g="0.91764705882352937" b="0.92941176470588238" a="1"/>
<Diffuse r="0.89803921568627454" g="0.91764705882352937" b="0.92941176470588238" a="1"/>
<Specular r="0.44901960784313727" g="0.45882352941176469" b="0.46470588235294119" a="1"/>
<Emissive r="0" g="0" b="0" a="1"/>
<Shininess>0.3125</Shininess>
</VisualProperties>
</Part>
<Part name="Link-2" uid="Link-2*:*Default" version="245">
<ModelUnits mass="kilogram" length="millimeter"/>
<PartFile name="Link-2.SLDPRT" type="SolidWorks Part"/>
<MassProperties>
<Mass>0.01334667357233171</Mass>
<CenterOfMass>0 0.0084412399976342874 0.00019066099396354084</CenterOfMass>
<Inertia>8.0927443325287264e-06 9.3033608525781894e-06 2.796500358443277e-06 4.091624089022039e-09 0 0</Inertia>
</MassProperties>
<GeometryFile name="Link-2_Default_sldprt.STEP" type="STEP"/>
<VisualProperties>
<Ambient r="0.89803921568627454" g="0.91764705882352937" b="0.92941176470588238" a="1"/>
<Diffuse r="0.89803921568627454" g="0.91764705882352937" b="0.92941176470588238" a="1"/>
<Specular r="0.44901960784313727" g="0.45882352941176469" b="0.46470588235294119" a="1"/>
<Emissive r="0" g="0" b="0" a="1"/>
<Shininess>0.3125</Shininess>
</VisualProperties>
</Part>
<Part name="Link-plate" uid="Link-plate*:*Default" version="124">
<ModelUnits mass="kilogram" length="millimeter"/>
<PartFile name="Link-plate.SLDPRT" type="SolidWorks Part"/>
<MassProperties>
<Mass>0.0028825008972002274</Mass>
<CenterOfMass>0 0 0.00050000000000000001</CenterOfMass>
<Inertia>1.4941972597400322e-07 4.8188568106851431e-07 6.3082499022631754e-07 0 0 0</Inertia>
</MassProperties>
<GeometryFile name="Link-plate_Default_sldprt.STEP" type="STEP"/>
<VisualProperties>
<Ambient r="0.89803921568627454" g="0.91764705882352937" b="0.92941176470588238" a="1"/>
<Diffuse r="0.89803921568627454" g="0.91764705882352937" b="0.92941176470588238" a="1"/>
<Specular r="0.44901960784313727" g="0.45882352941176469" b="0.46470588235294119" a="1"/>
<Emissive r="0" g="0" b="0" a="1"/>
<Shininess>0.3125</Shininess>
</VisualProperties>
</Part>
<Part name="MX-106T" uid="MX-106T*:*Default" version="103">
<ModelUnits mass="kilogram" length="millimeter"/>
<PartFile name="MX-106T.SLDPRT" type="SolidWorks Part"/>
<MassProperties>
<Mass>0.19561170999999999</Mass>
<CenterOfMass>3.6294547203052311e-06 -0.015728033898397709 0.00046041747606699097</CenterOfMass>
<Inertia>9.353676381074006e-05 5.2149211406744044e-05 7.3933306729302193e-05 -2.4036217245456804e-06 5.2267768495909148e-09 -3.7129011812466664e-09</Inertia>
</MassProperties>
<GeometryFile name="MX-106T_Default_sldprt.STEP" type="STEP"/>
<VisualProperties>
<Ambient r="0.20784313725490194" g="0.20784313725490194" b="0.20784313725490194" a="1"/>
<Diffuse r="0.20784313725490194" g="0.20784313725490194" b="0.20784313725490194" a="1"/>
<Specular r="0.10392156862745097" g="0.10392156862745097" b="0.10392156862745097" a="1"/>
<Emissive r="0" g="0" b="0" a="1"/>
<Shininess>0.40000000596046448</Shininess>
</VisualProperties>
</Part>
<Part name="MX-28T" uid="MX-28T*:*Default" version="106">
<ModelUnits mass="kilogram" length="millimeter"/>
<PartFile name="MX-28T.SLDPRT" type="SolidWorks Part"/>
<MassProperties>
<Mass>0.096388378599999991</Mass>
<CenterOfMass>-4.9207660184937118e-09 -0.011515527780961547 -3.1786961811860269e-05</CenterOfMass>
<Inertia>2.7164585570374297e-05 1.6677802875978787e-05 2.3015011739517364e-05 -4.071722230813414e-07 1.1831857898853264e-11 6.3971751373782056e-13</Inertia>
</MassProperties>
<GeometryFile name="MX-28T_Default_sldprt.STEP" type="STEP"/>
<VisualProperties>
<Ambient r="0.20784313725490194" g="0.20784313725490194" b="0.20784313725490194" a="1"/>
<Diffuse r="0.20784313725490194" g="0.20784313725490194" b="0.20784313725490194" a="1"/>
<Specular r="0.10392156862745097" g="0.10392156862745097" b="0.10392156862745097" a="1"/>
<Emissive r="0" g="0" b="0" a="1"/>
<Shininess>0.40000000596046448</Shininess>
</VisualProperties>
</Part>
<Part name="MX-64T" uid="MX-64T*:*Default" version="103">
<ModelUnits mass="kilogram" length="millimeter"/>
<PartFile name="MX-64T.SLDPRT" type="SolidWorks Part"/>
<MassProperties>
<Mass>0.17009713900000001</Mass>
<CenterOfMass>1.1288218934808353e-11 -0.015203481847325203 0.0004522569386128018</CenterOfMass>
<Inertia>7.0095398659614366e-05 3.984645342901137e-05 5.8501037407669086e-05 -2.0688024459748725e-06 4.7677246070726803e-14 -9.3378993115599097e-13</Inertia>
</MassProperties>
<GeometryFile name="MX-64T_Default_sldprt.STEP" type="STEP"/>
<VisualProperties>
<Ambient r="0.20784313725490194" g="0.20784313725490194" b="0.20784313725490194" a="1"/>
<Diffuse r="0.20784313725490194" g="0.20784313725490194" b="0.20784313725490194" a="1"/>
<Specular r="0.10392156862745097" g="0.10392156862745097" b="0.10392156862745097" a="1"/>
<Emissive r="0" g="0" b="0" a="1"/>
<Shininess>0.40000000596046448</Shininess>
</VisualProperties>
</Part>
<Part name="NewBase.step" uid="NewBase.step*:*Default" version="122">
<ModelUnits mass="kilogram" length="meter"/>
<PartFile name="NewBase.step.SLDPRT" type="SolidWorks Part"/>
<MassProperties>
<Mass>0.10049315293122367</Mass>
<CenterOfMass>-0.00030893410258943361 -0.00044403020031794766 0.0079397099266352317</CenterOfMass>
<Inertia>7.7224670407707096e-05 8.7043384496792789e-05 0.00013209420201146973 -2.4094489747367144e-12 3.199530470754664e-13 3.8664112483325297e-09</Inertia>
</MassProperties>
<GeometryFile name="NewBase.step_Default_sldprt.STEP" type="STEP"/>
<VisualProperties>
<Ambient r="1" g="1" b="1" a="1"/>
<Diffuse r="1" g="1" b="1" a="1"/>
<Specular r="0.30000001192092896" g="0.30000001192092896" b="0.30000001192092896" a="1"/>
<Emissive r="0.29999999999999999" g="0.29999999999999999" b="0.29999999999999999" a="1"/>
<Shininess>0.5</Shininess>
</VisualProperties>
</Part>
<Part name="Servo-Disc" uid="Servo-Disc*:*Default" version="144">
<ModelUnits mass="kilogram" length="millimeter"/>
<PartFile name="Servo-Disc.SLDPRT" type="SolidWorks Part"/>
<MassProperties>
<Mass>0.0022669635214453581</Mass>
<CenterOfMass>0.00097661436740035124 0 0</CenterOfMass>
<Inertia>1.9199819105797385e-07 9.6747602260681165e-08 9.6747602260681165e-08 0 0 0</Inertia>
</MassProperties>
<GeometryFile name="Servo-Disc_Default_sldprt.STEP" type="STEP"/>
<VisualProperties>
<Ambient r="0.89803921568627454" g="0.91764705882352937" b="0.92941176470588238" a="1"/>
<Diffuse r="0.89803921568627454" g="0.91764705882352937" b="0.92941176470588238" a="1"/>
<Specular r="0.44901960784313727" g="0.45882352941176469" b="0.46470588235294119" a="1"/>
<Emissive r="0" g="0" b="0" a="1"/>
<Shininess>0.3125</Shininess>
</VisualProperties>
</Part>
<Part name="Servo-disc-link_MX-106T" uid="Servo-disc-link_MX-106T*:*Default" version="245">
<ModelUnits mass="kilogram" length="millimeter"/>
<PartFile name="Servo-disc-link_MX-106T.SLDPRT" type="SolidWorks Part"/>
<MassProperties>
<Mass>0.0086440413403225114</Mass>
<CenterOfMass>0.0061500000000000816 0.012499999999999997 -0.010526227736498394</CenterOfMass>
<Inertia>1.7786292104403484e-06 6.1848717997336446e-06 5.3446742483731498e-06 0 0 0</Inertia>
</MassProperties>
<GeometryFile name="Servo-disc-link_MX-106T_Default_sldprt.STEP" type="STEP"/>
<VisualProperties>
<Ambient r="0.89803921568627454" g="0.91764705882352937" b="0.92941176470588238" a="1"/>
<Diffuse r="0.89803921568627454" g="0.91764705882352937" b="0.92941176470588238" a="1"/>
<Specular r="0.44901960784313727" g="0.45882352941176469" b="0.46470588235294119" a="1"/>
<Emissive r="0" g="0" b="0" a="1"/>
<Shininess>0.3125</Shininess>
</VisualProperties>
</Part>
<Part name="Servo-disc-link_MX-28T" uid="Servo-disc-link_MX-28T*:*Default" version="285">
<ModelUnits mass="kilogram" length="millimeter"/>
<PartFile name="Servo-disc-link_MX-28T.SLDPRT" type="SolidWorks Part"/>
<MassProperties>
<Mass>0.0077785778411459594</Mass>
<CenterOfMass>-0.00057499999999993797 0.012499999999999994 -0.011697401449226397</CenterOfMass>
<Inertia>1.6268186003975945e-06 3.8970317287224717e-06 3.118296007123258e-06 0 0 0</Inertia>
</MassProperties>
<GeometryFile name="Servo-disc-link_MX-28T_Default_sldprt.STEP" type="STEP"/>
<VisualProperties>
<Ambient r="0.89803921568627454" g="0.91764705882352937" b="0.92941176470588238" a="1"/>
<Diffuse r="0.89803921568627454" g="0.91764705882352937" b="0.92941176470588238" a="1"/>
<Specular r="0.44901960784313727" g="0.45882352941176469" b="0.46470588235294119" a="1"/>
<Emissive r="0" g="0" b="0" a="1"/>
<Shininess>0.3125</Shininess>
</VisualProperties>
</Part>
<Part name="Servo-disc-link_MX-64T" uid="Servo-disc-link_MX-64T*:*Default" version="257">
<ModelUnits mass="kilogram" length="millimeter"/>
<PartFile name="Servo-disc-link_MX-64T.SLDPRT" type="SolidWorks Part"/>
<MassProperties>
<Mass>0.0082862913403225213</Mass>
<CenterOfMass>0.0035000000000000747 0.012499999999999999 -0.010980684117292968</CenterOfMass>
<Inertia>1.7186159866796087e-06 5.186869341840786e-06 4.36941938924103e-06 0 0 0</Inertia>
</MassProperties>
<GeometryFile name="Servo-disc-link_MX-64T_Default_sldprt.STEP" type="STEP"/>
<VisualProperties>
<Ambient r="0.89803921568627454" g="0.91764705882352937" b="0.92941176470588238" a="1"/>
<Diffuse r="0.89803921568627454" g="0.91764705882352937" b="0.92941176470588238" a="1"/>
<Specular r="0.44901960784313727" g="0.45882352941176469" b="0.46470588235294119" a="1"/>
<Emissive r="0" g="0" b="0" a="1"/>
<Shininess>0.3125</Shininess>
</VisualProperties>
</Part>
<Part name="Servo-link-link_MX-64T" uid="Servo-link-link_MX-64T*:*Default" version="357">
<ModelUnits mass="kilogram" length="millimeter"/>
<PartFile name="Servo-link-link_MX-64T.SLDPRT" type="SolidWorks Part"/>
<MassProperties>
<Mass>0.0039095056304818522</Mass>
<CenterOfMass>-0.0044999999999999285 0.014999999999999996 -0.0011203296524595074</CenterOfMass>
<Inertia>3.0822167961157938e-07 6.4706292001102072e-07 9.2163407867759517e-07 0 0 0</Inertia>
</MassProperties>
<GeometryFile name="Servo-link-link_MX-64T_Default_sldprt.STEP" type="STEP"/>
<VisualProperties>
<Ambient r="0.89803921568627454" g="0.91764705882352937" b="0.92941176470588238" a="1"/>
<Diffuse r="0.89803921568627454" g="0.91764705882352937" b="0.92941176470588238" a="1"/>
<Specular r="0.44901960784313727" g="0.45882352941176469" b="0.46470588235294119" a="1"/>
<Emissive r="0" g="0" b="0" a="1"/>
<Shininess>0.3125</Shininess>
</VisualProperties>
</Part>
</Parts>
</SimscapeMultibodyImportXML>
